18/11/15 23:15
プロジェクトの翻訳状況

            	 分節数	   単語数	文字数（空白を除く）	文字数（空白を含む）	ファイル数	
合計：         	8307	124502	    746064	    862134	   53	
未翻訳：        	6421	102189	    599639	    696990	   42	
繰り返しを除いた：   	7962	123513	    739190	    854531	   53	
繰り返しを除いた未翻訳：	6284	101531	    595329	    692135	   42	


ファイルごとの翻訳状況：

ファイル名                                        	すべての分節数	未翻訳分節数	繰り返しを除いた分節数	繰り返しを除いた未翻訳分節数	すべての単語数	未翻訳単語数	繰り返しを除いた単語数	繰り返しを除いた未翻訳単語数	すべての文字数（空白を除く）	未翻訳文字数（空白を除く）	繰り返しを除いた文字数（空白を除く）	繰り返しを除いた未翻訳文字数（空白を除く）	すべての文字数（空白を含む）	未翻訳文字数（空白を含む）	繰り返しを除いた文字数（空白を含む）	繰り返しを除いた未翻訳文字数（空白を含む）	
base-arrays.md                               	     32	    24	         32	            24	    248	   209	        248	           209	          2882	         2377	              2882	                 2377	          2959	         2451	              2959	                 2451	
base-base.md                                 	     56	    13	         56	            13	    564	    22	        564	            22	          5926	          152	              5926	                  152	          6135	          161	              6135	                  161	
base-c.md                                    	      6	     0	          6	             0	     77	     0	         77	             0	           808	            0	               808	                    0	           818	            0	               818	                    0	
base-collections.md                          	    134	     3	         95	             2	    581	     9	        526	             6	          4848	           67	              4238	                   47	          5188	           73	              4562	                   51	
base-constants.md                            	     11	     0	         11	             0	     24	     0	         24	             0	           332	            0	               332	                    0	           334	            0	               334	                    0	
base-file.md                                 	      2	     0	          2	             0	     74	     0	         74	             0	          1489	            0	              1489	                    0	          1491	            0	              1491	                    0	
base-io-network.md                           	     27	     1	         27	             1	    487	     3	        487	             3	          3701	           10	              3701	                   10	          4049	           11	              4049	                   11	
base-iterators.md                            	      2	     0	          2	             0	     16	     0	         16	             0	           331	            0	               331	                    0	           332	            0	               332	                    0	
base-libc.md                                 	      2	     0	          2	             0	     17	     0	         17	             0	           281	            0	               281	                    0	           283	            0	               283	                    0	
base-math.md                                 	      6	     0	          6	             0	    219	     0	        219	             0	          2846	            0	              2846	                    0	          2857	            0	              2857	                    0	
base-multi-threading.md                      	     18	     0	         18	             0	     58	     0	         58	             0	           786	            0	               786	                    0	           808	            0	               808	                    0	
base-numbers.md                              	     18	     0	         18	             0	    173	     0	        173	             0	          2013	            0	              2013	                    0	          2057	            0	              2057	                    0	
base-parallel.md                             	      2	     0	          2	             0	     41	     0	         41	             0	           462	            0	               462	                    0	           467	            0	               467	                    0	
base-punctuation.md                          	     87	    12	         86	            12	    233	    27	        233	            27	          1967	          189	              1957	                  189	          2154	          204	              2144	                  204	
base-simd-types.md                           	     11	     0	         11	             0	    166	     0	        166	             0	           964	            0	               964	                    0	          1086	            0	              1086	                    0	
base-sort.md                                 	     47	     8	         47	             8	    653	    49	        653	            49	          3920	          280	              3920	                  280	          4498	          320	              4498	                  320	
base-stacktraces.md                          	      4	     0	          4	             0	     25	     0	         25	             0	           276	            0	               276	                    0	           292	            0	               292	                    0	
base-strings.md                              	      2	     1	          2	             1	    133	     2	        133	             2	          1732	           16	              1732	                   16	          1753	           17	              1753	                   17	
manual-arrays.md                             	    313	    38	        302	            33	   4717	   103	       4649	            98	         26864	          705	             26409	                  665	         31037	          766	             30531	                  726	
manual-calling-c-and-fortran-code.md         	    538	   468	        490	           436	   6968	  6069	       6757	          5878	         41651	        36384	             40252	                35149	         48371	        42295	             46806	                40907	
manual-code-loading.md                       	    205	   203	        203	           203	   4222	  4222	       4222	          4222	         26051	        26045	             26045	                26045	         30147	        30141	             30141	                30141	
manual-complex-and-rational-numbers.md       	     54	    54	         54	            54	   1001	  1001	       1001	          1001	          5711	         5711	              5711	                 5711	          6524	         6524	              6524	                 6524	
manual-constructors.md                       	    160	   159	        159	           159	   3167	  3165	       3165	          3165	         18590	        18579	             18579	                18579	         21818	        21806	             21806	                21806	
manual-control-flow.md                       	    320	   227	        313	           221	   4614	  2950	       4584	          2920	         26393	        17206	             26222	                17038	         31293	        20241	             31104	                20055	
manual-conversion-and-promotion.md           	    132	   132	        132	           132	   2655	  2655	       2655	          2655	         15333	        15333	             15333	                15333	         17609	        17609	             17609	                17609	
manual-documentation.md                      	    318	   298	        297	           297	   3916	  3908	       3904	          3904	         23265	        23166	             23149	                23149	         26908	        26805	             26785	                26785	
manual-embedding.md                          	    173	   169	        165	           165	   2362	  2359	       2310	          2310	         14483	        14455	             14136	                14136	         16631	        16602	             16189	                16189	
manual-environment-variables.md              	    124	   119	        114	           114	   1380	  1380	       1350	          1350	          9798	         9783	              9586	                 9586	         10924	        10909	             10689	                10689	
manual-faq.md                                	    273	   219	        270	           217	   4789	  3842	       4782	          3837	         27538	        22224	             27490	                22187	         32531	        26270	             32481	                26232	
manual-functions.md                          	    247	   152	        239	           150	   3902	  2457	       3887	          2455	         21379	        14070	             21285	                14055	         25080	        16221	             24976	                16206	
manual-getting-started.md                    	    109	     5	        107	             5	    936	     9	        934	             9	          6067	           79	              6053	                   79	          6824	           82	              6810	                   82	
manual-handling-operating-system-variation.md	     17	     4	         17	             4	    143	    10	        143	            10	          1069	           79	              1069	                   79	          1196	           87	              1196	                   87	
manual-integers-and-floating-point-numbers.md	    254	    34	        227	            32	   2787	   240	       2763	           238	         18485	         1690	             18368	                 1678	         20687	         1884	             20568	                 1872	
manual-interfaces.md                         	    348	    70	        314	            52	   4322	   517	       4227	           475	         28103	         3266	             27322	                 2915	         31696	         3703	             30837	                 3328	
manual-mathematical-operations.md            	    350	   137	        304	           121	   2405	   604	       2341	           581	         15705	         4060	             15240	                 3877	         17681	         4517	             17199	                 4327	
manual-metaprogramming.md                    	    429	   428	        428	           428	   7010	  7008	       7008	          7008	         39959	        39948	             39948	                39948	         47286	        47274	             47274	                47274	
manual-methods.md                            	    312	   308	        307	           307	   6232	  6224	       6223	          6223	         34796	        34752	             34734	                34734	         40369	        40321	             40303	                40303	
manual-missing.md                            	     92	    92	         92	            92	   1545	  1545	       1545	          1545	          9608	         9608	              9608	                 9608	         10905	        10905	             10905	                10905	
manual-modules.md                            	    179	   179	        173	           173	   2878	  2878	       2858	          2858	         17043	        17043	             16845	                16845	         19599	        19599	             19387	                19387	
manual-networking-and-streams.md             	     89	    88	         88	            88	   1471	  1468	       1468	          1468	          8493	         8486	              8486	                 8486	          9906	         9898	              9898	                 9898	
manual-noteworthy-differences.md             	    244	   242	        228	           228	   3771	  3767	       3556	          3556	         22377	        22355	             21140	                21140	         25711	        25687	             24283	                24283	
manual-parallel-computing.md                 	    631	   625	        623	           623	  10426	 10417	      10406	         10406	         60930	        60868	             60762	                60762	         71281	        71215	             71103	                71103	
manual-performance-tips.md                   	    460	   454	        453	           453	   8036	  8030	       8026	          8026	         44955	        44913	             44902	                44902	         53247	        53202	             53186	                53186	
manual-profile.md                            	    134	   134	        134	           134	   2450	  2450	       2450	          2450	         14680	        14680	             14680	                14680	         17108	        17108	             17108	                17108	
manual-running-external-programs.md          	     97	    97	         96	            96	   1780	  1780	       1779	          1779	          9716	         9716	              9709	                 9709	         11244	        11244	             11237	                11237	
manual-stacktraces.md                        	     51	    50	         50	            50	   1285	  1283	       1283	          1283	          8733	         8722	              8722	                 8722	         10004	         9992	              9992	                 9992	
manual-strings.md                            	    319	   315	        310	           310	   5203	  5195	       5190	          5190	         30419	        30375	             30307	                30307	         34900	        34852	             34784	                34784	
manual-style-guide.md                        	    167	   166	        162	           162	   2204	  2202	       2196	          2196	         12401	        12390	             12362	                12362	         14329	        14317	             14287	                14287	
manual-types.md                              	    461	   458	        458	           458	   8428	  8425	       8425	          8425	         48948	        48927	             48927	                48927	         56516	        56494	             56494	                56494	
manual-unicode-input.md                      	     14	    12	         12	            12	    354	   353	        353	           353	          2426	         2416	              2416	                 2416	          2990	         2980	              2980	                 2980	
manual-variables-and-scoping.md              	    156	   154	        145	           145	   2416	  2416	       2403	          2403	         12914	        12908	             12843	                12843	         15804	        15798	             15729	                15729	
manual-variables.md                          	     38	    37	         37	            37	    648	   646	        646	           646	          3775	         3764	              3764	                 3764	          4344	         4332	              4332	                 4332	
manual-workflow-tips.md                      	     32	    32	         32	            32	    290	   290	        290	           290	          1842	         1842	              1842	                 1842	          2073	         2073	              2073	                 2073	
